5 0 4  2,4,1722 1,0,1685 4,1,3640 2,1,4108 0,2,1237 3,2,2508 3,4,2859 1,3,4345
17 0 16  14,7,4892 16,13,2351 12,16,2547 14,8,414 13,4,3694 5,15,4000 13,11,430 0,2,2868 3,14,1503 15,11,3759 4,0,3642 8,11,1760 6,10,204 10,13,2326 10,15,3162 9,8,1688 2,1,3708 16,1,11 3,10,1785 10,0,4689 10,1,2558 8,4,3159 8,13,408 11,10,884 9,13,3482 3,1,3120 0,14,1562 12,1,1346 11,6,3816 10,12,3284 0,13,4578 9,6,4299 7,6,2227 14,13,288 0,1,4708 4,11,1271 7,1,4587 14,2,2642 9,0,4329 4,10,4273 4,1,3564 2,12,4309 14,4,3731 7,10,4815 14,5,352 13,12,279 12,4,1473 12,11,141 2,4,1579 3,7,758 10,9,2485 15,2,95 1,8,725 5,6,3606 14,10,4095 8,0,1858 4,15,803 2,6,3968 13,7,652 5,16,965 2,10,4813 5,8,1367 16,6,1820
16 0 15  11,7,2953 7,6,3194 6,12,2781 10,14,2515 2,7,315 13,12,3277 12,5,220 14,7,3305 8,15,3948 15,14,4023 13,0,3430 1,11,181 15,4,2967 4,9,1382 4,2,2664 1,14,4698 5,2,-3662 6,8,4082 3,13,3657 2,6,1138 15,2,1170 3,11,4472 6,14,4647 9,13,4355 2,11,2277 7,12,1578 1,15,2399 12,14,1775 4,5,2944 11,13,691 15,12,1545 11,10,1071 11,5,3871 2,13,3005 0,10,3287 1,2,2823 13,8,4061 1,5,1026 6,13,3250 13,14,1305 0,8,2775 12,3,1572 9,0,3941 3,4,1825 6,9,2009 1,7,1021 5,13,2839 8,12,-4187 3,1,4663 10,15,479 5,10,3183 10,3,3951 6,1,4490 3,2,4536 8,14,2546 15,11,229 12,2,687 0,4,4734 4,7,375 4,8,681 14,11,52 10,2,4447 4,14,1175 5,9,2548 10,1,2492 4,6,604 3,8,2262 15,13,1832 7,8,3015 9,15,1407 6,3,548 0,11,3624 2,9,1171 9,14,2880 9,12,2042 6,11,3033 12,0,2079 9,3,-315
18 0 17  3,11,4044 4,9,3408 11,5,-4946 12,8,4485 6,2,3539 1,0,53 4,2,2699 7,6,4818 6,13,3916 14,7,612 14,0,419 11,1,3633 7,1,3454 3,12,1796 9,1,3013 3,1,992 11,16,1252 6,1,452 17,6,2955 15,8,2360 13,9,972 16,15,959 7,4,4696 6,15,2701 0,10,1708 0,6,4334 14,5,3835 9,15,3096 16,17,880 5,0,1455 4,11,4218 10,8,4844 0,8,1288 11,12,1571 3,17,4403 3,2,1745 11,15,3223 13,16,-971 15,3,4121 6,14,4494 12,2,1275 5,13,909 7,5,59 16,5,1503 13,12,3806 2,10,3762 1,17,3104 7,12,2369 6,3,2738 8,1,4147 16,1,1592 11,10,4914 8,17,626 16,9,1535 1,14,2605 8,6,3418 9,0,3977 14,3,2882 6,4,3411 6,5,4793 15,12,-313 14,16,1076 1,2,2849 10,14,40 6,11,1622 7,9,1406 4,17,4264 6,9,4252 16,10,4352 7,13,991 3,5,3420 9,8,2017 10,9,180 14,13,1902 0,11,4400 7,15,1255 5,15,4833 0,17,2577 0,2,3679 10,6,3527 4,14,38 9,17,1659 13,8,2492 16,3,4620 7,0,971 1,13,945 1,5,2829 6,12,3162 5,10,2381 11,8,4013 14,12,-703 6,16,2310 2,5,3591 8,4,975 4,3,4355 0,13,4087
8 0 7  5,7,4802 6,7,2426 7,3,2484 5,0,508 1,4,4977 0,7,4211 4,2,3748 0,2,1585 5,4,3000 3,2,1764 2,6,1992 4,6,2469 3,4,2552 5,2,1335 5,6,3864 1,3,3862
13 0 12  2,10,-3760 2,0,3930 12,1,2618 0,7,539 11,0,4294 7,11,3367 9,4,1827 7,8,3463 12,9,4227 11,10,4710 5,9,1757 8,5,1464 7,3,2753 4,0,2695 11,12,3007 1,11,4440 3,0,223 3,8,4763 10,9,4060 2,7,3969 10,0,253 10,8,866 5,10,3491 8,0,2615 9,6,3810 8,9,3988 9,3,2399 12,4,876 9,2,3596 4,2,4878 11,3,4461 7,1,217 12,8,3526 7,6,3146 6,1,1487 4,1,4810 10,12,987 10,7,3642 5,3,4960 4,5,2834
17 0 16  4,2,1085 9,2,162 1,16,4475 8,5,1799 9,13,4649 5,1,133 14,2,-2798 9,16,1338 13,5,382 2,5,1606 13,2,2973 12,8,1623 15,0,4784 5,10,2958 14,12,2925 7,12,4420 6,2,1581 6,15,4150 15,16,2289 13,7,2635 13,10,905 14,15,475 2,11,4079 10,7,779 15,10,1937 8,10,2347 9,4,2654 5,16,4626 1,7,3097 14,3,4003 8,7,558 0,16,2748 12,1,2013 3,4,2684 11,4,130 1,2,3300 11,10,4511 4,1,1248 15,8,4385 0,2,3252 3,2,3792 14,7,2970 9,10,553 15,5,4376 11,1,4652 15,2,3755 14,5,2510 11,8,2112 9,11,1798 10,3,3950 12,3,3850 0,6,3106 12,4,1462 9,6,1435 14,1,2808 16,12,778 14,6,4650 4,7,4472 15,4,3126 7,6,2663 8,16,4694 11,5,4101 5,9,4591 12,9,2719 15,13,3991 9,8,2327 11,0,465 13,1,4332 0,12,1466 15,1,4353 1,6,4279 16,7,2013 1,3,2704 5,0,4237 4,13,4683 12,2,35 14,0,3542 13,8,1724 3,0,3449 3,13,2111 9,0,852 16,11,3438 2,7,4109 14,13,102 0,4,1929 14,11,-3274 5,7,3017 6,5,1140 7,11,4527
12 0 11  10,3,2049 0,2,4403 7,5,256 4,5,4166 6,4,14 10,1,2284 7,6,3698 2,11,441 1,11,4774 0,1,2541 7,4,1474 6,3,15 0,8,375 11,4,194 10,6,2061 0,6,3941 8,7,2656 1,7,2299 3,4,4109 8,1,1669 1,9,731 9,2,1019 3,7,2995 5,1,1403 3,2,3683 2,7,4048 0,11,1754 4,8,1230 5,6,4363 10,2,4296 11,9,854 3,9,2999 8,5,2708 8,2,3417 5,9,804 2,1,3879 0,9,4487 6,2,2641 9,10,1365 5,0,909 3,0,4867 11,10,4186 10,4,2404 3,11,1797 8,3,1107
11 0 10  0,6,3987 2,7,-3711 2,5,3978 9,6,1614 4,0,4495 8,6,1495 10,8,1545 6,10,1498 3,6,4066 4,8,3893 1,5,-821 10,3,3177 3,9,3968 7,5,2568 9,0,3937 4,10,483 1,3,4198 5,9,3968 9,2,3034 1,7,3142 8,3,2738 0,8,137 0,7,3245 7,3,4940 3,2,337 5,8,3758 10,1,932 5,4,4963 8,1,850 7,6,411 5,10,1894 8,7,2892
9 0 8  5,7,-4407 4,6,4571 2,4,1431 3,1,2342 0,6,2652 8,4,4250 1,6,1633 3,7,619 6,8,638 8,1,1075 2,8,4088 5,0,4721 5,2,2388 1,0,3069 8,5,2924 4,3,2716 3,0,2886 5,3,2781 7,2,72 7,6,632 7,4,19
5 0 4  2,4,1722 1,0,1685 4,1,3640 2,1,4108 0,2,1237 3,2,2508 3,4,2859 1,3,4345
17 0 16  14,7,4892 16,13,2351 12,16,2547 14,8,414 13,4,3694 5,15,4000 13,11,430 0,2,2868 3,14,1503 15,11,3759 4,0,3642 8,11,1760 6,10,204 10,13,2326 10,15,3162 9,8,1688 2,1,3708 16,1,11 3,10,1785 10,0,4689 10,1,2558 8,4,3159 8,13,408 11,10,884 9,13,3482 3,1,3120 0,14,1562 12,1,1346 11,6,3816 10,12,3284 0,13,4578 9,6,4299 7,6,2227 14,13,288 0,1,4708 4,11,1271 7,1,4587 14,2,2642 9,0,4329 4,10,4273 4,1,3564 2,12,4309 14,4,3731 7,10,4815 14,5,352 13,12,279 12,4,1473 12,11,141 2,4,1579 3,7,758 10,9,2485 15,2,95 1,8,725 5,6,3606 14,10,4095 8,0,1858 4,15,803 2,6,3968 13,7,652 5,16,965 2,10,4813 5,8,1367 16,6,1820
16 0 15  11,7,2953 7,6,3194 6,12,2781 10,14,2515 2,7,315 13,12,3277 12,5,220 14,7,3305 8,15,3948 15,14,4023 13,0,3430 1,11,181 15,4,2967 4,9,1382 4,2,2664 1,14,4698 5,2,-3662 6,8,4082 3,13,3657 2,6,1138 15,2,1170 3,11,4472 6,14,4647 9,13,4355 2,11,2277 7,12,1578 1,15,2399 12,14,1775 4,5,2944 11,13,691 15,12,1545 11,10,1071 11,5,3871 2,13,3005 0,10,3287 1,2,2823 13,8,4061 1,5,1026 6,13,3250 13,14,1305 0,8,2775 12,3,1572 9,0,3941 3,4,1825 6,9,2009 1,7,1021 5,13,2839 8,12,-4187 3,1,4663 10,15,479 5,10,3183 10,3,3951 6,1,4490 3,2,4536 8,14,2546 15,11,229 12,2,687 0,4,4734 4,7,375 4,8,681 14,11,52 10,2,4447 4,14,1175 5,9,2548 10,1,2492 4,6,604 3,8,2262 15,13,1832 7,8,3015 9,15,1407 6,3,548 0,11,3624 2,9,1171 9,14,2880 9,12,2042 6,11,3033 12,0,2079 9,3,-315
18 0 17  3,11,4044 4,9,3408 11,5,-4946 12,8,4485 6,2,3539 1,0,53 4,2,2699 7,6,4818 6,13,3916 14,7,612 14,0,419 11,1,3633 7,1,3454 3,12,1796 9,1,3013 3,1,992 11,16,1252 6,1,452 17,6,2955 15,8,2360 13,9,972 16,15,959 7,4,4696 6,15,2701 0,10,1708 0,6,4334 14,5,3835 9,15,3096 16,17,880 5,0,1455 4,11,4218 10,8,4844 0,8,1288 11,12,1571 3,17,4403 3,2,1745 11,15,3223 13,16,-971 15,3,4121 6,14,4494 12,2,1275 5,13,909 7,5,59 16,5,1503 13,12,3806 2,10,3762 1,17,3104 7,12,2369 6,3,2738 8,1,4147 16,1,1592 11,10,4914 8,17,626 16,9,1535 1,14,2605 8,6,3418 9,0,3977 14,3,2882 6,4,3411 6,5,4793 15,12,-313 14,16,1076 1,2,2849 10,14,40 6,11,1622 7,9,1406 4,17,4264 6,9,4252 16,10,4352 7,13,991 3,5,3420 9,8,2017 10,9,180 14,13,1902 0,11,4400 7,15,1255 5,15,4833 0,17,2577 0,2,3679 10,6,3527 4,14,38 9,17,1659 13,8,2492 16,3,4620 7,0,971 1,13,945 1,5,2829 6,12,3162 5,10,2381 11,8,4013 14,12,-703 6,16,2310 2,5,3591 8,4,975 4,3,4355 0,13,4087
8 0 7  5,7,4802 6,7,2426 7,3,2484 5,0,508 1,4,4977 0,7,4211 4,2,3748 0,2,1585 5,4,3000 3,2,1764 2,6,1992 4,6,2469 3,4,2552 5,2,1335 5,6,3864 1,3,3862
13 0 12  2,10,-3760 2,0,3930 12,1,2618 0,7,539 11,0,4294 7,11,3367 9,4,1827 7,8,3463 12,9,4227 11,10,4710 5,9,1757 8,5,1464 7,3,2753 4,0,2695 11,12,3007 1,11,4440 3,0,223 3,8,4763 10,9,4060 2,7,3969 10,0,253 10,8,866 5,10,3491 8,0,2615 9,6,3810 8,9,3988 9,3,2399 12,4,876 9,2,3596 4,2,4878 11,3,4461 7,1,217 12,8,3526 7,6,3146 6,1,1487 4,1,4810 10,12,987 10,7,3642 5,3,4960 4,5,2834
17 0 16  4,2,1085 9,2,162 1,16,4475 8,5,1799 9,13,4649 5,1,133 14,2,-2798 9,16,1338 13,5,382 2,5,1606 13,2,2973 12,8,1623 15,0,4784 5,10,2958 14,12,2925 7,12,4420 6,2,1581 6,15,4150 15,16,2289 13,7,2635 13,10,905 14,15,475 2,11,4079 10,7,779 15,10,1937 8,10,2347 9,4,2654 5,16,4626 1,7,3097 14,3,4003 8,7,558 0,16,2748 12,1,2013 3,4,2684 11,4,130 1,2,3300 11,10,4511 4,1,1248 15,8,4385 0,2,3252 3,2,3792 14,7,2970 9,10,553 15,5,4376 11,1,4652 15,2,3755 14,5,2510 11,8,2112 9,11,1798 10,3,3950 12,3,3850 0,6,3106 12,4,1462 9,6,1435 14,1,2808 16,12,778 14,6,4650 4,7,4472 15,4,3126 7,6,2663 8,16,4694 11,5,4101 5,9,4591 12,9,2719 15,13,3991 9,8,2327 11,0,465 13,1,4332 0,12,1466 15,1,4353 1,6,4279 16,7,2013 1,3,2704 5,0,4237 4,13,4683 12,2,35 14,0,3542 13,8,1724 3,0,3449 3,13,2111 9,0,852 16,11,3438 2,7,4109 14,13,102 0,4,1929 14,11,-3274 5,7,3017 6,5,1140 7,11,4527
12 0 11  10,3,2049 0,2,4403 7,5,256 4,5,4166 6,4,14 10,1,2284 7,6,3698 2,11,441 1,11,4774 0,1,2541 7,4,1474 6,3,15 0,8,375 11,4,194 10,6,2061 0,6,3941 8,7,2656 1,7,2299 3,4,4109 8,1,1669 1,9,731 9,2,1019 3,7,2995 5,1,1403 3,2,3683 2,7,4048 0,11,1754 4,8,1230 5,6,4363 10,2,4296 11,9,854 3,9,2999 8,5,2708 8,2,3417 5,9,804 2,1,3879 0,9,4487 6,2,2641 9,10,1365 5,0,909 3,0,4867 11,10,4186 10,4,2404 3,11,1797 8,3,1107
11 0 10  0,6,3987 2,7,-3711 2,5,3978 9,6,1614 4,0,4495 8,6,1495 10,8,1545 6,10,1498 3,6,4066 4,8,3893 1,5,-821 10,3,3177 3,9,3968 7,5,2568 9,0,3937 4,10,483 1,3,4198 5,9,3968 9,2,3034 1,7,3142 8,3,2738 0,8,137 0,7,3245 7,3,4940 3,2,337 5,8,3758 10,1,932 5,4,4963 8,1,850 7,6,411 5,10,1894 8,7,2892
9 0 8  5,7,-4407 4,6,4571 2,4,1431 3,1,2342 0,6,2652 8,4,4250 1,6,1633 3,7,619 6,8,638 8,1,1075 2,8,4088 5,0,4721 5,2,2388 1,0,3069 8,5,2924 4,3,2716 3,0,2886 5,3,2781 7,2,72 7,6,632 7,4,19
5 0 4  2,4,1722 1,0,1685 4,1,3640 2,1,4108 0,2,1237 3,2,2508 3,4,2859 1,3,4345
17 0 16  14,7,4892 16,13,2351 12,16,2547 14,8,414 13,4,3694 5,15,4000 13,11,430 0,2,2868 3,14,1503 15,11,3759 4,0,3642 8,11,1760 6,10,204 10,13,2326 10,15,3162 9,8,1688 2,1,3708 16,1,11 3,10,1785 10,0,4689 10,1,2558 8,4,3159 8,13,408 11,10,884 9,13,3482 3,1,3120 0,14,1562 12,1,1346 11,6,3816 10,12,3284 0,13,4578 9,6,4299 7,6,2227 14,13,288 0,1,4708 4,11,1271 7,1,4587 14,2,2642 9,0,4329 4,10,4273 4,1,3564 2,12,4309 14,4,3731 7,10,4815 14,5,352 13,12,279 12,4,1473 12,11,141 2,4,1579 3,7,758 10,9,2485 15,2,95 1,8,725 5,6,3606 14,10,4095 8,0,1858 4,15,803 2,6,3968 13,7,652 5,16,965 2,10,4813 5,8,1367 16,6,1820
16 0 15  11,7,2953 7,6,3194 6,12,2781 10,14,2515 2,7,315 13,12,3277 12,5,220 14,7,3305 8,15,3948 15,14,4023 13,0,3430 1,11,181 15,4,2967 4,9,1382 4,2,2664 1,14,4698 5,2,-3662 6,8,4082 3,13,3657 2,6,1138 15,2,1170 3,11,4472 6,14,4647 9,13,4355 2,11,2277 7,12,1578 1,15,2399 12,14,1775 4,5,2944 11,13,691 15,12,1545 11,10,1071 11,5,3871 2,13,3005 0,10,3287 1,2,2823 13,8,4061 1,5,1026 6,13,3250 13,14,1305 0,8,2775 12,3,1572 9,0,3941 3,4,1825 6,9,2009 1,7,1021 5,13,2839 8,12,-4187 3,1,4663 10,15,479 5,10,3183 10,3,3951 6,1,4490 3,2,4536 8,14,2546 15,11,229 12,2,687 0,4,4734 4,7,375 4,8,681 14,11,52 10,2,4447 4,14,1175 5,9,2548 10,1,2492 4,6,604 3,8,2262 15,13,1832 7,8,3015 9,15,1407 6,3,548 0,11,3624 2,9,1171 9,14,2880 9,12,2042 6,11,3033 12,0,2079 9,3,-315
18 0 17  3,11,4044 4,9,3408 11,5,-4946 12,8,4485 6,2,3539 1,0,53 4,2,2699 7,6,4818 6,13,3916 14,7,612 14,0,419 11,1,3633 7,1,3454 3,12,1796 9,1,3013 3,1,992 11,16,1252 6,1,452 17,6,2955 15,8,2360 13,9,972 16,15,959 7,4,4696 6,15,2701 0,10,1708 0,6,4334 14,5,3835 9,15,3096 16,17,880 5,0,1455 4,11,4218 10,8,4844 0,8,1288 11,12,1571 3,17,4403 3,2,1745 11,15,3223 13,16,-971 15,3,4121 6,14,4494 12,2,1275 5,13,909 7,5,59 16,5,1503 13,12,3806 2,10,3762 1,17,3104 7,12,2369 6,3,2738 8,1,4147 16,1,1592 11,10,4914 8,17,626 16,9,1535 1,14,2605 8,6,3418 9,0,3977 14,3,2882 6,4,3411 6,5,4793 15,12,-313 14,16,1076 1,2,2849 10,14,40 6,11,1622 7,9,1406 4,17,4264 6,9,4252 16,10,4352 7,13,991 3,5,3420 9,8,2017 10,9,180 14,13,1902 0,11,4400 7,15,1255 5,15,4833 0,17,2577 0,2,3679 10,6,3527 4,14,38 9,17,1659 13,8,2492 16,3,4620 7,0,971 1,13,945 1,5,2829 6,12,3162 5,10,2381 11,8,4013 14,12,-703 6,16,2310 2,5,3591 8,4,975 4,3,4355 0,13,4087
8 0 7  5,7,4802 6,7,2426 7,3,2484 5,0,508 1,4,4977 0,7,4211 4,2,3748 0,2,1585 5,4,3000 3,2,1764 2,6,1992 4,6,2469 3,4,2552 5,2,1335 5,6,3864 1,3,3862
13 0 12  2,10,-3760 2,0,3930 12,1,2618 0,7,539 11,0,4294 7,11,3367 9,4,1827 7,8,3463 12,9,4227 11,10,4710 5,9,1757 8,5,1464 7,3,2753 4,0,2695 11,12,3007 1,11,4440 3,0,223 3,8,4763 10,9,4060 2,7,3969 10,0,253 10,8,866 5,10,3491 8,0,2615 9,6,3810 8,9,3988 9,3,2399 12,4,876 9,2,3596 4,2,4878 11,3,4461 7,1,217 12,8,3526 7,6,3146 6,1,1487 4,1,4810 10,12,987 10,7,3642 5,3,4960 4,5,2834
17 0 16  4,2,1085 9,2,162 1,16,4475 8,5,1799 9,13,4649 5,1,133 14,2,-2798 9,16,1338 13,5,382 2,5,1606 13,2,2973 12,8,1623 15,0,4784 5,10,2958 14,12,2925 7,12,4420 6,2,1581 6,15,4150 15,16,2289 13,7,2635 13,10,905 14,15,475 2,11,4079 10,7,779 15,10,1937 8,10,2347 9,4,2654 5,16,4626 1,7,3097 14,3,4003 8,7,558 0,16,2748 12,1,2013 3,4,2684 11,4,130 1,2,3300 11,10,4511 4,1,1248 15,8,4385 0,2,3252 3,2,3792 14,7,2970 9,10,553 15,5,4376 11,1,4652 15,2,3755 14,5,2510 11,8,2112 9,11,1798 10,3,3950 12,3,3850 0,6,3106 12,4,1462 9,6,1435 14,1,2808 16,12,778 14,6,4650 4,7,4472 15,4,3126 7,6,2663 8,16,4694 11,5,4101 5,9,4591 12,9,2719 15,13,3991 9,8,2327 11,0,465 13,1,4332 0,12,1466 15,1,4353 1,6,4279 16,7,2013 1,3,2704 5,0,4237 4,13,4683 12,2,35 14,0,3542 13,8,1724 3,0,3449 3,13,2111 9,0,852 16,11,3438 2,7,4109 14,13,102 0,4,1929 14,11,-3274 5,7,3017 6,5,1140 7,11,4527
12 0 11  10,3,2049 0,2,4403 7,5,256 4,5,4166 6,4,14 10,1,2284 7,6,3698 2,11,441 1,11,4774 0,1,2541 7,4,1474 6,3,15 0,8,375 11,4,194 10,6,2061 0,6,3941 8,7,2656 1,7,2299 3,4,4109 8,1,1669 1,9,731 9,2,1019 3,7,2995 5,1,1403 3,2,3683 2,7,4048 0,11,1754 4,8,1230 5,6,4363 10,2,4296 11,9,854 3,9,2999 8,5,2708 8,2,3417 5,9,804 2,1,3879 0,9,4487 6,2,2641 9,10,1365 5,0,909 3,0,4867 11,10,4186 10,4,2404 3,11,1797 8,3,1107
11 0 10  0,6,3987 2,7,-3711 2,5,3978 9,6,1614 4,0,4495 8,6,1495 10,8,1545 6,10,1498 3,6,4066 4,8,3893 1,5,-821 10,3,3177 3,9,3968 7,5,2568 9,0,3937 4,10,483 1,3,4198 5,9,3968 9,2,3034 1,7,3142 8,3,2738 0,8,137 0,7,3245 7,3,4940 3,2,337 5,8,3758 10,1,932 5,4,4963 8,1,850 7,6,411 5,10,1894 8,7,2892
9 0 8  5,7,-4407 4,6,4571 2,4,1431 3,1,2342 0,6,2652 8,4,4250 1,6,1633 3,7,619 6,8,638 8,1,1075 2,8,4088 5,0,4721 5,2,2388 1,0,3069 8,5,2924 4,3,2716 3,0,2886 5,3,2781 7,2,72 7,6,632 7,4,19
5 0 4  2,4,1722 1,0,1685 4,1,3640 2,1,4108 0,2,1237 3,2,2508 3,4,2859 1,3,4345
17 0 16  14,7,4892 16,13,2351 12,16,2547 14,8,414 13,4,3694 5,15,4000 13,11,430 0,2,2868 3,14,1503 15,11,3759 4,0,3642 8,11,1760 6,10,204 10,13,2326 10,15,3162 9,8,1688 2,1,3708 16,1,11 3,10,1785 10,0,4689 10,1,2558 8,4,3159 8,13,408 11,10,884 9,13,3482 3,1,3120 0,14,1562 12,1,1346 11,6,3816 10,12,3284 0,13,4578 9,6,4299 7,6,2227 14,13,288 0,1,4708 4,11,1271 7,1,4587 14,2,2642 9,0,4329 4,10,4273 4,1,3564 2,12,4309 14,4,3731 7,10,4815 14,5,352 13,12,279 12,4,1473 12,11,141 2,4,1579 3,7,758 10,9,2485 15,2,95 1,8,725 5,6,3606 14,10,4095 8,0,1858 4,15,803 2,6,3968 13,7,652 5,16,965 2,10,4813 5,8,1367 16,6,1820
16 0 15  11,7,2953 7,6,3194 6,12,2781 10,14,2515 2,7,315 13,12,3277 12,5,220 14,7,3305 8,15,3948 15,14,4023 13,0,3430 1,11,181 15,4,2967 4,9,1382 4,2,2664 1,14,4698 5,2,-3662 6,8,4082 3,13,3657 2,6,1138 15,2,1170 3,11,4472 6,14,4647 9,13,4355 2,11,2277 7,12,1578 1,15,2399 12,14,1775 4,5,2944 11,13,691 15,12,1545 11,10,1071 11,5,3871 2,13,3005 0,10,3287 1,2,2823 13,8,4061 1,5,1026 6,13,3250 13,14,1305 0,8,2775 12,3,1572 9,0,3941 3,4,1825 6,9,2009 1,7,1021 5,13,2839 8,12,-4187 3,1,4663 10,15,479 5,10,3183 10,3,3951 6,1,4490 3,2,4536 8,14,2546 15,11,229 12,2,687 0,4,4734 4,7,375 4,8,681 14,11,52 10,2,4447 4,14,1175 5,9,2548 10,1,2492 4,6,604 3,8,2262 15,13,1832 7,8,3015 9,15,1407 6,3,548 0,11,3624 2,9,1171 9,14,2880 9,12,2042 6,11,3033 12,0,2079 9,3,-315
18 0 17  3,11,4044 4,9,3408 11,5,-4946 12,8,4485 6,2,3539 1,0,53 4,2,2699 7,6,4818 6,13,3916 14,7,612 14,0,419 11,1,3633 7,1,3454 3,12,1796 9,1,3013 3,1,992 11,16,1252 6,1,452 17,6,2955 15,8,2360 13,9,972 16,15,959 7,4,4696 6,15,2701 0,10,1708 0,6,4334 14,5,3835 9,15,3096 16,17,880 5,0,1455 4,11,4218 10,8,4844 0,8,1288 11,12,1571 3,17,4403 3,2,1745 11,15,3223 13,16,-971 15,3,4121 6,14,4494 12,2,1275 5,13,909 7,5,59 16,5,1503 13,12,3806 2,10,3762 1,17,3104 7,12,2369 6,3,2738 8,1,4147 16,1,1592 11,10,4914 8,17,626 16,9,1535 1,14,2605 8,6,3418 9,0,3977 14,3,2882 6,4,3411 6,5,4793 15,12,-313 14,16,1076 1,2,2849 10,14,40 6,11,1622 7,9,1406 4,17,4264 6,9,4252 16,10,4352 7,13,991 3,5,3420 9,8,2017 10,9,180 14,13,1902 0,11,4400 7,15,1255 5,15,4833 0,17,2577 0,2,3679 10,6,3527 4,14,38 9,17,1659 13,8,2492 16,3,4620 7,0,971 1,13,945 1,5,2829 6,12,3162 5,10,2381 11,8,4013 14,12,-703 6,16,2310 2,5,3591 8,4,975 4,3,4355 0,13,4087
8 0 7  5,7,4802 6,7,2426 7,3,2484 5,0,508 1,4,4977 0,7,4211 4,2,3748 0,2,1585 5,4,3000 3,2,1764 2,6,1992 4,6,2469 3,4,2552 5,2,1335 5,6,3864 1,3,3862
13 0 12  2,10,-3760 2,0,3930 12,1,2618 0,7,539 11,0,4294 7,11,3367 9,4,1827 7,8,3463 12,9,4227 11,10,4710 5,9,1757 8,5,1464 7,3,2753 4,0,2695 11,12,3007 1,11,4440 3,0,223 3,8,4763 10,9,4060 2,7,3969 10,0,253 10,8,866 5,10,3491 8,0,2615 9,6,3810 8,9,3988 9,3,2399 12,4,876 9,2,3596 4,2,4878 11,3,4461 7,1,217 12,8,3526 7,6,3146 6,1,1487 4,1,4810 10,12,987 10,7,3642 5,3,4960 4,5,2834
17 0 16  4,2,1085 9,2,162 1,16,4475 8,5,1799 9,13,4649 5,1,133 14,2,-2798 9,16,1338 13,5,382 2,5,1606 13,2,2973 12,8,1623 15,0,4784 5,10,2958 14,12,2925 7,12,4420 6,2,1581 6,15,4150 15,16,2289 13,7,2635 13,10,905 14,15,475 2,11,4079 10,7,779 15,10,1937 8,10,2347 9,4,2654 5,16,4626 1,7,3097 14,3,4003 8,7,558 0,16,2748 12,1,2013 3,4,2684 11,4,130 1,2,3300 11,10,4511 4,1,1248 15,8,4385 0,2,3252 3,2,3792 14,7,2970 9,10,553 15,5,4376 11,1,4652 15,2,3755 14,5,2510 11,8,2112 9,11,1798 10,3,3950 12,3,3850 0,6,3106 12,4,1462 9,6,1435 14,1,2808 16,12,778 14,6,4650 4,7,4472 15,4,3126 7,6,2663 8,16,4694 11,5,4101 5,9,4591 12,9,2719 15,13,3991 9,8,2327 11,0,465 13,1,4332 0,12,1466 15,1,4353 1,6,4279 16,7,2013 1,3,2704 5,0,4237 4,13,4683 12,2,35 14,0,3542 13,8,1724 3,0,3449 3,13,2111 9,0,852 16,11,3438 2,7,4109 14,13,102 0,4,1929 14,11,-3274 5,7,3017 6,5,1140 7,11,4527
12 0 11  10,3,2049 0,2,4403 7,5,256 4,5,4166 6,4,14 10,1,2284 7,6,3698 2,11,441 1,11,4774 0,1,2541 7,4,1474 6,3,15 0,8,375 11,4,194 10,6,2061 0,6,3941 8,7,2656 1,7,2299 3,4,4109 8,1,1669 1,9,731 9,2,1019 3,7,2995 5,1,1403 3,2,3683 2,7,4048 0,11,1754 4,8,1230 5,6,4363 10,2,4296 11,9,854 3,9,2999 8,5,2708 8,2,3417 5,9,804 2,1,3879 0,9,4487 6,2,2641 9,10,1365 5,0,909 3,0,4867 11,10,4186 10,4,2404 3,11,1797 8,3,1107
11 0 10  0,6,3987 2,7,-3711 2,5,3978 9,6,1614 4,0,4495 8,6,1495 10,8,1545 6,10,1498 3,6,4066 4,8,3893 1,5,-821 10,3,3177 3,9,3968 7,5,2568 9,0,3937 4,10,483 1,3,4198 5,9,3968 9,2,3034 1,7,3142 8,3,2738 0,8,137 0,7,3245 7,3,4940 3,2,337 5,8,3758 10,1,932 5,4,4963 8,1,850 7,6,411 5,10,1894 8,7,2892
9 0 8  5,7,-4407 4,6,4571 2,4,1431 3,1,2342 0,6,2652 8,4,4250 1,6,1633 3,7,619 6,8,638 8,1,1075 2,8,4088 5,0,4721 5,2,2388 1,0,3069 8,5,2924 4,3,2716 3,0,2886 5,3,2781 7,2,72 7,6,632 7,4,19
5 0 4  2,4,1722 1,0,1685 4,1,3640 2,1,4108 0,2,1237 3,2,2508 3,4,2859 1,3,4345
17 0 16  14,7,4892 16,13,2351 12,16,2547 14,8,414 13,4,3694 5,15,4000 13,11,430 0,2,2868 3,14,1503 15,11,3759 4,0,3642 8,11,1760 6,10,204 10,13,2326 10,15,3162 9,8,1688 2,1,3708 16,1,11 3,10,1785 10,0,4689 10,1,2558 8,4,3159 8,13,408 11,10,884 9,13,3482 3,1,3120 0,14,1562 12,1,1346 11,6,3816 10,12,3284 0,13,4578 9,6,4299 7,6,2227 14,13,288 0,1,4708 4,11,1271 7,1,4587 14,2,2642 9,0,4329 4,10,4273 4,1,3564 2,12,4309 14,4,3731 7,10,4815 14,5,352 13,12,279 12,4,1473 12,11,141 2,4,1579 3,7,758 10,9,2485 15,2,95 1,8,725 5,6,3606 14,10,4095 8,0,1858 4,15,803 2,6,3968 13,7,652 5,16,965 2,10,4813 5,8,1367 16,6,1820
16 0 15  11,7,2953 7,6,3194 6,12,2781 10,14,2515 2,7,315 13,12,3277 12,5,220 14,7,3305 8,15,3948 15,14,4023 13,0,3430 1,11,181 15,4,2967 4,9,1382 4,2,2664 1,14,4698 5,2,-3662 6,8,4082 3,13,3657 2,6,1138 15,2,1170 3,11,4472 6,14,4647 9,13,4355 2,11,2277 7,12,1578 1,15,2399 12,14,1775 4,5,2944 11,13,691 15,12,1545 11,10,1071 11,5,3871 2,13,3005 0,10,3287 1,2,2823 13,8,4061 1,5,1026 6,13,3250 13,14,1305 0,8,2775 12,3,1572 9,0,3941 3,4,1825 6,9,2009 1,7,1021 5,13,2839 8,12,-4187 3,1,4663 10,15,479 5,10,3183 10,3,3951 6,1,4490 3,2,4536 8,14,2546 15,11,229 12,2,687 0,4,4734 4,7,375 4,8,681 14,11,52 10,2,4447 4,14,1175 5,9,2548 10,1,2492 4,6,604 3,8,2262 15,13,1832 7,8,3015 9,15,1407 6,3,548 0,11,3624 2,9,1171 9,14,2880 9,12,2042 6,11,3033 12,0,2079 9,3,-315
18 0 17  3,11,4044 4,9,3408 11,5,-4946 12,8,4485 6,2,3539 1,0,53 4,2,2699 7,6,4818 6,13,3916 14,7,612 14,0,419 11,1,3633 7,1,3454 3,12,1796 9,1,3013 3,1,992 11,16,1252 6,1,452 17,6,2955 15,8,2360 13,9,972 16,15,959 7,4,4696 6,15,2701 0,10,1708 0,6,4334 14,5,3835 9,15,3096 16,17,880 5,0,1455 4,11,4218 10,8,4844 0,8,1288 11,12,1571 3,17,4403 3,2,1745 11,15,3223 13,16,-971 15,3,4121 6,14,4494 12,2,1275 5,13,909 7,5,59 16,5,1503 13,12,3806 2,10,3762 1,17,3104 7,12,2369 6,3,2738 8,1,4147 16,1,1592 11,10,4914 8,17,626 16,9,1535 1,14,2605 8,6,3418 9,0,3977 14,3,2882 6,4,3411 6,5,4793 15,12,-313 14,16,1076 1,2,2849 10,14,40 6,11,1622 7,9,1406 4,17,4264 6,9,4252 16,10,4352 7,13,991 3,5,3420 9,8,2017 10,9,180 14,13,1902 0,11,4400 7,15,1255 5,15,4833 0,17,2577 0,2,3679 10,6,3527 4,14,38 9,17,1659 13,8,2492 16,3,4620 7,0,971 1,13,945 1,5,2829 6,12,3162 5,10,2381 11,8,4013 14,12,-703 6,16,2310 2,5,3591 8,4,975 4,3,4355 0,13,4087
8 0 7  5,7,4802 6,7,2426 7,3,2484 5,0,508 1,4,4977 0,7,4211 4,2,3748 0,2,1585 5,4,3000 3,2,1764 2,6,1992 4,6,2469 3,4,2552 5,2,1335 5,6,3864 1,3,3862
13 0 12  2,10,-3760 2,0,3930 12,1,2618 0,7,539 11,0,4294 7,11,3367 9,4,1827 7,8,3463 12,9,4227 11,10,4710 5,9,1757 8,5,1464 7,3,2753 4,0,2695 11,12,3007 1,11,4440 3,0,223 3,8,4763 10,9,4060 2,7,3969 10,0,253 10,8,866 5,10,3491 8,0,2615 9,6,3810 8,9,3988 9,3,2399 12,4,876 9,2,3596 4,2,4878 11,3,4461 7,1,217 12,8,3526 7,6,3146 6,1,1487 4,1,4810 10,12,987 10,7,3642 5,3,4960 4,5,2834
17 0 16  4,2,1085 9,2,162 1,16,4475 8,5,1799 9,13,4649 5,1,133 14,2,-2798 9,16,1338 13,5,382 2,5,1606 13,2,2973 12,8,1623 15,0,4784 5,10,2958 14,12,2925 7,12,4420 6,2,1581 6,15,4150 15,16,2289 13,7,2635 13,10,905 14,15,475 2,11,4079 10,7,779 15,10,1937 8,10,2347 9,4,2654 5,16,4626 1,7,3097 14,3,4003 8,7,558 0,16,2748 12,1,2013 3,4,2684 11,4,130 1,2,3300 11,10,4511 4,1,1248 15,8,4385 0,2,3252 3,2,3792 14,7,2970 9,10,553 15,5,4376 11,1,4652 15,2,3755 14,5,2510 11,8,2112 9,11,1798 10,3,3950 12,3,3850 0,6,3106 12,4,1462 9,6,1435 14,1,2808 16,12,778 14,6,4650 4,7,4472 15,4,3126 7,6,2663 8,16,4694 11,5,4101 5,9,4591 12,9,2719 15,13,3991 9,8,2327 11,0,465 13,1,4332 0,12,1466 15,1,4353 1,6,4279 16,7,2013 1,3,2704 5,0,4237 4,13,4683 12,2,35 14,0,3542 13,8,1724 3,0,3449 3,13,2111 9,0,852 16,11,3438 2,7,4109 14,13,102 0,4,1929 14,11,-3274 5,7,3017 6,5,1140 7,11,4527
12 0 11  10,3,2049 0,2,4403 7,5,256 4,5,4166 6,4,14 10,1,2284 7,6,3698 2,11,441 1,11,4774 0,1,2541 7,4,1474 6,3,15 0,8,375 11,4,194 10,6,2061 0,6,3941 8,7,2656 1,7,2299 3,4,4109 8,1,1669 1,9,731 9,2,1019 3,7,2995 5,1,1403 3,2,3683 2,7,4048 0,11,1754 4,8,1230 5,6,4363 10,2,4296 11,9,854 3,9,2999 8,5,2708 8,2,3417 5,9,804 2,1,3879 0,9,4487 6,2,2641 9,10,1365 5,0,909 3,0,4867 11,10,4186 10,4,2404 3,11,1797 8,3,1107
11 0 10  0,6,3987 2,7,-3711 2,5,3978 9,6,1614 4,0,4495 8,6,1495 10,8,1545 6,10,1498 3,6,4066 4,8,3893 1,5,-821 10,3,3177 3,9,3968 7,5,2568 9,0,3937 4,10,483 1,3,4198 5,9,3968 9,2,3034 1,7,3142 8,3,2738 0,8,137 0,7,3245 7,3,4940 3,2,337 5,8,3758 10,1,932 5,4,4963 8,1,850 7,6,411 5,10,1894 8,7,2892
9 0 8  5,7,-4407 4,6,4571 2,4,1431 3,1,2342 0,6,2652 8,4,4250 1,6,1633 3,7,619 6,8,638 8,1,1075 2,8,4088 5,0,4721 5,2,2388 1,0,3069 8,5,2924 4,3,2716 3,0,2886 5,3,2781 7,2,72 7,6,632 7,4,19
17 0 16  4,14,4022 15,11,2557 5,9,1759 2,14,631 4,1,3056 8,14,688 9,12,1410 4,8,2857 14,12,2203 8,13,599 7,9,4598 7,1,4558 4,5,527 4,15,443 5,13,4058 11,13,869 10,13,3295 12,8,3640 10,14,429 7,2,569 13,0,3187 8,15,4450 14,11,3316 2,1,2713 6,7,1067 9,1,3478 8,10,1728 10,0,1657 7,11,1006 5,3,294 0,5,4974 10,12,1119 2,13,1090 13,1,1820 7,5,2398 15,3,1634 1,16,824 3,4,2750 7,8,1629 7,15,4377 16,12,3247 15,6,919 6,8,967 3,13,1597 11,1,3977 7,3,4698 6,0,50 10,6,1984 4,11,543 8,0,4318 13,14,-2683 16,8,3293 4,0,3670 0,3,1810 2,6,3176 4,16,2767 15,16,231 16,14,4288 3,2,3802 4,13,3579 7,14,3392 5,10,2095 8,11,4193 3,14,3569 15,10,998 5,2,2812 13,12,3125 7,12,76 6,9,2466 16,9,3410 12,11,2538 9,0,4443 9,2,1616 5,8,3650 10,3,1403 5,11,3252 9,14,4556 5,1,2593 9,10,1556 1,14,4160 4,6,1020 3,8,4428 3,16,1793 0,1,448
7 0 6  1,2,1602 4,6,3721 1,3,4680 5,4,4788 0,2,2666 4,2,478 5,2,204 0,1,4905 3,4,1633 0,6,-4026
13 0 12  6,5,1978 12,2,1375 7,5,3115 10,2,2287 4,6,2616 6,12,4590 11,9,1396 9,4,-3991 8,2,2528 7,10,2328 10,8,1950 12,8,984 6,7,4071 9,6,3344 1,6,659 1,7,3764 3,8,667 0,9,708 7,8,4683 3,4,4909 2,7,3533 1,9,59 11,2,2256 11,10,1895 12,0,3270 7,11,4389 0,11,3846 0,5,2481 6,3,583 9,10,1243 1,10,3013 11,6,2869 11,5,8 8,6,4848 5,2,3891 0,2,2127 0,6,4223 7,3,3055 4,1,3745 5,4,92 12,10,1863 7,0,55 8,9,4898 3,11,1411 12,3,1617 1,0,1986 11,1,2503 3,9,4298 3,1,4894 3,0,2859 5,8,2129 8,4,2280 2,4,84 9,5,4604 4,7,2188 8,1,4523 12,5,4365 11,8,-2237 10,3,84
15 0 14  11,7,4467 4,12,3018 13,4,609 9,4,4794 11,1,1703 11,14,829 5,10,958 7,2,967 2,14,2995 7,3,3084 11,8,4629 8,12,2953 4,3,710 2,12,583 1,2,1510 7,14,4445 1,0,434 10,8,2341 8,0,3053 10,13,2220 9,13,2412 1,12,371 6,8,990 3,10,4920 10,12,976 6,0,1445 11,12,669 5,0,2684 6,1,1810 6,14,3319 13,2,59 2,6,6 3,2,4162 3,5,181 12,5,2673 6,3,2974 0,12,706 9,8,2536 12,7,228 2,10,1378 4,10,3015 0,7,3843 10,1,656 1,13,411 7,1,129 4,5,2938 4,7,571 9,6,3436 1,3,2785 14,10,4059 14,12,406 3,14,3120 3,8,167 0,14,-1089 14,4,3587 13,8,100
12 0 11  6,0,2437 4,9,2974 1,4,1883 10,2,4937 4,11,-4543 3,2,352 6,5,4693 2,6,3697 9,6,3245 6,10,4510 3,11,3818 10,5,4675 0,7,1297 0,2,2011 3,4,309 9,10,3600 9,2,3159 9,11,3241 1,6,111 9,8,3865 7,5,899 1,2,1822 3,8,3552 0,8,4384 7,3,2117 8,7,3227 1,11,-3462 5,4,3784 11,8,2155 0,10,830 5,9,3970 8,2,228 4,10,1258 10,7,526 6,8,4621 7,2,4101 1,3,3872 0,9,3984 5,11,2777 6,7,4366 1,0,2761 3,6,2083 7,9,3275
17 0 16  1,15,3132 16,0,4089 11,2,780 10,0,4689 13,11,598 2,1,604 0,7,4990 7,12,1089 5,11,2318 6,12,2148 9,15,4573 15,6,2448 11,15,233 13,16,2213 3,10,2186 10,14,3877 14,7,-321 4,7,2495 4,6,393 2,9,979 13,9,3101 4,10,4259 8,12,3564 14,15,630 13,1,2396 2,14,2209 2,12,2596 14,8,4392 12,4,2550 13,10,4839 12,3,1098 3,11,3291 11,1,2887 7,9,1240 10,15,106 15,7,3179 11,6,2440 15,2,4633 7,5,3461 5,8,2551 0,4,111 13,3,2745 6,8,909 3,8,1803 5,2,1399 3,9,2648 5,4,2253 6,9,3484 6,2,2686 4,2,1955 4,15,3732 8,0,3626 5,16,2177 8,9,99 10,2,4175 5,14,4866 14,11,4963 14,12,3689 0,13,1220
18 0 17  6,14,2156 11,0,3953 4,6,3034 12,5,4665 16,15,2723 15,12,2426 8,2,1765 10,2,4515 6,1,2242 11,4,1268 1,12,4623 16,17,4070 5,6,284 1,9,2727 13,7,924 5,0,3664 2,13,4039 8,15,614 6,16,4597 9,2,2929 8,3,157 3,16,112 15,14,2273 14,3,2813 17,6,303 9,14,2570 14,4,311 0,17,1698 17,1,4638 14,17,2642 2,1,1460 1,5,832 12,8,761 17,4,4083 15,9,848 16,0,638 12,4,312 6,12,2304 0,13,1594 11,6,2682 6,0,1462 0,7,1352 6,7,2777 15,17,785 16,1,847 0,9,3244 10,16,3204 3,1,188 15,11,4579 10,6,2921 4,16,284 7,12,879 2,0,1718 7,3,4800 11,13,3193 7,8,3860 6,15,2511 13,12,4678 9,10,3231 2,11,2528 2,7,1585 5,8,3665 8,6,866 5,15,4394 9,13,4627 11,1,2783 1,8,4200 5,4,1604 8,14,2674 12,16,479 0,4,3468 16,8,4809 11,14,688 10,0,1822 10,8,3485 2,12,252 17,10,3894 15,10,2861 13,10,1045 6,9,3553 3,9,4542 13,5,3278 12,14,3875 11,9,1184 7,14,341 13,6,456 10,11,2957 10,12,686 11,12,2105 12,9,6 2,14,289 1,10,1236 3,2,4934 2,16,485 11,16,3070 13,15,2067 11,8,2343 2,5,3374 16,9,73 17,5,4526 15,4,3757 10,5,2611 2,17,4509 11,7,3105 1,7,63 1,15,360 5,14,670 13,3,4522
15 0 14  0,10,3178 10,14,4931 5,13,642 12,5,4966 7,5,3358 13,3,976 1,9,422 8,0,1586 2,0,2792 4,0,3792 8,13,4688 5,3,-4884 9,6,4865 9,13,1960 10,2,4753 10,3,3277 11,10,2068 8,4,3841 9,7,4702 7,13,1076 12,14,533 14,0,2054 4,12,4433 11,4,1548 3,2,1030 9,0,3087 9,14,665 11,6,3374 6,10,168 7,3,4982 1,8,1856 8,11,695 11,13,4612 9,5,4412 13,6,682 3,8,3989 4,14,3894 2,9,3131 12,2,3432 10,12,63 14,1,1207
13 0 12  6,7,1336 11,1,4898 6,8,4283 10,5,4085 10,7,1789 9,1,2438 4,2,1894 2,12,1110 9,2,3144 5,8,4581 2,0,3587 0,5,3498 0,11,267 10,8,4547 0,6,3088 6,3,2822 2,3,1106 6,10,4795 5,2,54 4,12,1349 3,5,-1701 10,0,3432 10,11,2604 9,0,4150 9,12,1185 10,9,658 11,9,1976 3,8,3875 4,9,150 4,7,2677 9,6,1078 10,1,2423 5,1,899 10,3,693 1,3,99 6,4,2622 8,7,365 12,3,3478 11,6,2675 5,4,67 12,5,3542 9,8,2029 3,11,4042
11 0 10  1,7,4862 3,2,787 1,0,3771 5,2,1785 4,6,1018 0,3,2689 2,4,3081 7,5,4223 5,1,534 10,0,1155 9,2,4935 9,7,2544 1,3,716 7,0,274 4,8,2915 10,2,4204 4,9,3724 4,7,1022 5,6,1755 6,2,3400 8,2,3268 8,9,924 8,5,2071 7,2,3413 3,6,2726 7,6,-3899 8,1,2064 10,3,413 1,4,513 6,10,3987 0,2,1820 9,3,16 5,3,2315 9,6,4090 7,3,3144 8,6,3472 10,7,3010 4,5,167 0,8,3581 7,8,3699 9,0,2870 4,0,1666 0,5,4974 5,10,3525
